7.531005776418615572e-01 9.662759089364669762e-02
6.816109369559667508e-01 1.366435623073368744e-01
6.531953755803803219e-01 1.569007407649658514e-01
6.293621829637982001e-01 1.716742730433972464e-01
6.097411537701536988e-01 1.866835838346646848e-01
5.942675836613038332e-01 2.008203513249578465e-01
5.814009287588866037e-01 2.120573436694331571e-01
5.701329059669408839e-01 2.212275612019218574e-01
5.571282215733454057e-01 2.305483918407308652e-01
5.488155775101591916e-01 2.397904616492326224e-01
5.407002665253309859e-01 2.477394004483728929e-01
5.312923105944079571e-01 2.557419074816558724e-01
5.227985687066333265e-01 2.623483771889199567e-01
5.162427994150412536e-01 2.698222760673681941e-01
5.063262566554848076e-01 2.751014211028866008e-01
4.999328144274248209e-01 2.833285550951726295e-01
4.914235364911151982e-01 2.895960350226085556e-01
4.808048697327392818e-01 3.004545261502893916e-01
4.737235207514446933e-01 3.064860552052619536e-01
4.712739561915195163e-01 3.120357774014884122e-01
4.647121707255458811e-01 3.151036707182000574e-01
4.535987634421088099e-01 3.229717455623791200e-01
4.460866783977702754e-01 3.315434071233591129e-01
4.379397196709753914e-01 3.350239714395709667e-01
4.313980315967472778e-01 3.422913387496171467e-01
4.241252302043315159e-01 3.459039185420716978e-01
4.198542307048839795e-01 3.501220450896491698e-01
4.168960313968081977e-01 3.554560468471070767e-01
4.104586301316888730e-01 3.606261805670742393e-01
4.053480640645580890e-01 3.646725979479931157e-01
4.004523682565753750e-01 3.689811191309114724e-01
3.970047371985673812e-01 3.716882327174176326e-01
3.926283501642899854e-01 3.768916744394023022e-01
3.866745008936643413e-01 3.829186649033942680e-01
3.832495384198955635e-01 3.885038566747922029e-01
3.827346017182129412e-01 3.906084655347129564e-01
3.781798690382440764e-01 3.939822350364455272e-01
3.748432273780523127e-01 3.981746285521745032e-01
3.716231461006668790e-01 4.037115725575114999e-01
3.694214066966328702e-01 4.071215133993437152e-01
3.643447458911434067e-01 4.140335706159231632e-01
3.584344355954252048e-01 4.181078695064165407e-01
3.524838427858385526e-01 4.236260704239509511e-01
3.488336490878097829e-01 4.273320535414812937e-01
3.444654951242313023e-01 4.312891305911121798e-01
3.405123711504310369e-01 4.345166575118507568e-01
3.360794341554335096e-01 4.375944432262319772e-01
3.313408302224382096e-01 4.417947722962761725e-01
3.274324313945600751e-01 4.442875093776739726e-01
3.236368807488966826e-01 4.489884280753915768e-01
3.185521758749451648e-01 4.565118726361000467e-01
3.121672880586516263e-01 4.600158397913021169e-01
3.084166136204338771e-01 4.626605854650840954e-01
3.017795395474620057e-01 4.687761001204209799e-01
2.976281162878516295e-01 4.744699275969724850e-01
2.952345677916825006e-01 4.775670303883541301e-01
2.930773498681700784e-01 4.797676021293324489e-01
2.892038927859342246e-01 4.835803936213625143e-01
2.833198214544983551e-01 4.885453221709650795e-01
2.788191895808080911e-01 4.935861085783206370e-01
2.769438958179587518e-01 4.973764949817510717e-01
2.687765695946162103e-01 5.035242371358107372e-01
2.655457057096385909e-01 5.070243687245445940e-01
2.605519235159291513e-01 5.117036275552118152e-01
2.579478962774636730e-01 5.170196130099219411e-01
2.559888470977059738e-01 5.196544446553669205e-01
2.481496178444753120e-01 5.242237531401359174e-01
2.438868085195144697e-01 5.277580772182313140e-01
2.420612437441321541e-01 5.316032436912816461e-01
2.405843999839304692e-01 5.339202350412282083e-01
2.361092480086739998e-01 5.382417126419289932e-01
2.309534869168516635e-01 5.433783088338607348e-01
2.248126771746445929e-01 5.482112359676662994e-01
2.210355207778889886e-01 5.524115070431713237e-01
2.189113488093087923e-01 5.569794458776498036e-01
2.142499198548197537e-01 5.615749041703775868e-01
2.094962393128739497e-01 5.661548195662963190e-01
2.046788601634507709e-01 5.698356390653670500e-01
2.008563350018473803e-01 5.766073996742465679e-01
1.992878800803832284e-01 5.799138598653722498e-01
1.952350591895797016e-01 5.843683062579267951e-01
1.914472197904825146e-01 5.892763074517788358e-01
1.867293903855151982e-01 5.928520515659270185e-01
1.821821584869505462e-01 5.975205900458139263e-01
1.790816668743175910e-01 6.025240763341930261e-01
1.749554145327706367e-01 6.078132369654292155e-01
1.685530140044829983e-01 6.118401445860306431e-01
1.641207878061373693e-01 6.155616909979957363e-01
1.594081459092717701e-01 6.213423638845740893e-01
1.523773859152644516e-01 6.284502575782466849e-01
1.464411399779787515e-01 6.361994186452899491e-01
1.377417388197017256e-01 6.430636242924793189e-01
1.309871441014531235e-01 6.508442230315870658e-01
1.245576011785727993e-01 6.582579954047663717e-01
1.188822009008555364e-01 6.658659517511616999e-01
1.110858761701156855e-01 6.766899322578191489e-01
1.037073104251631794e-01 6.864392790542517275e-01
9.304287320455373322e-02 7.000451229760391580e-01
7.897111931459981082e-02 7.180309474610698794e-01
5.173292558613695746e-02 7.519113149847093114e-01
