7.159264931087354344e-02 7.282627190743611312e-01
9.215934904469927358e-02 7.042030546115950473e-01
1.028341662315316457e-01 6.917943788175041631e-01
1.109815991053106909e-01 6.805933447404366454e-01
1.184805003057470413e-01 6.708107044429589827e-01
1.268893916603737182e-01 6.617169077594338145e-01
1.319233024262795873e-01 6.554651002159934681e-01
1.384385830626597980e-01 6.475500131701056317e-01
1.437839148791930644e-01 6.397434861120743221e-01
1.509927795096420167e-01 6.321129869961193970e-01
1.567531244006292734e-01 6.250441780893053467e-01
1.604580405206845195e-01 6.200053314662913317e-01
1.665572348772845768e-01 6.142743031896896744e-01
1.694086783128222473e-01 6.082387053403623955e-01
1.744767141751890072e-01 6.000970425490977922e-01
1.786806161583136543e-01 5.949058040305830186e-01
1.866779983719991931e-01 5.876328288738217331e-01
1.915006894202866128e-01 5.827471252952396430e-01
1.962887550211445120e-01 5.770475558484822187e-01
2.013963488509376565e-01 5.719420212332312348e-01
2.049894812079656181e-01 5.674882100778781968e-01
2.086024111316857887e-01 5.640531104079624658e-01
2.118984327314011873e-01 5.599652979069830172e-01
2.150698626101937849e-01 5.571926389659452861e-01
2.197965168668667979e-01 5.523474149395307675e-01
2.248933900966685051e-01 5.485361297925466229e-01
2.281306592323736615e-01 5.448560683827623485e-01
2.331972151296019535e-01 5.383595543097630109e-01
2.378296781370784763e-01 5.341748821451752782e-01
2.419591732810793538e-01 5.297710907964230387e-01
2.464675462168618991e-01 5.242110361821565867e-01
2.477649463634375715e-01 5.204801200652324766e-01
2.528311805240496257e-01 5.170026465074401001e-01
2.559903361843466896e-01 5.137411715521523758e-01
2.570219273106324476e-01 5.128107597327928868e-01
2.607926451210725860e-01 5.079507128482247946e-01
2.628935077954307475e-01 5.052323758623424865e-01
2.668434361950588474e-01 5.013209797501462228e-01
2.720403038649090721e-01 4.953332747920997092e-01
2.748105207196757105e-01 4.928525956913490935e-01
2.799847004949765905e-01 4.897946384174873824e-01
2.849823616343401533e-01 4.866142086481423101e-01
2.909045599034416618e-01 4.823975379625809468e-01
2.916245388464394073e-01 4.779130344517766305e-01
2.958367752042065923e-01 4.739212202538125029e-01
2.980289246108429047e-01 4.698344369081223215e-01
3.041163308753194738e-01 4.649852232760466331e-01
3.050161101566109534e-01 4.653182518762563058e-01
3.064627567701048716e-01 4.622067393483546005e-01
3.113855245811057437e-01 4.568277817907384630e-01
3.142841601959737718e-01 4.519511791386733313e-01
3.227172381352774178e-01 4.477176632345368223e-01
3.280477530255172525e-01 4.421376315257382061e-01
3.356691631056429870e-01 4.360721593320766032e-01
3.395452935251297433e-01 4.313998727421447521e-01
3.440342025444595997e-01 4.266832725136489035e-01
3.462036279481177092e-01 4.236989209719935756e-01
3.513438561539334315e-01 4.182810383142940847e-01
3.527515991486013802e-01 4.152264404795031338e-01
3.532589755225233885e-01 4.131330353065210126e-01
3.601426494468550343e-01 4.075346194954809209e-01
3.676116554040121942e-01 4.003372071919765740e-01
3.721458027971367710e-01 3.959450791980043682e-01
3.791359841958191756e-01 3.913445910659471005e-01
3.827736952163700024e-01 3.861720307852696821e-01
3.874606792011767720e-01 3.816206585232551074e-01
3.904215657468887990e-01 3.757562927908623673e-01
3.930815902019852981e-01 3.741481896812324237e-01
3.987286551359192632e-01 3.696333045259175276e-01
4.025256030231821880e-01 3.679835078456052955e-01
4.079192716072524982e-01 3.612111261086656255e-01
4.148835950395535210e-01 3.574117851744939012e-01
4.191341432991489424e-01 3.528072892246864600e-01
4.241267990292492684e-01 3.496331184143895987e-01
4.334852650080198710e-01 3.418316070942313267e-01
4.376074105812923776e-01 3.345030025850889155e-01
4.420201626245930382e-01 3.301984472884550437e-01
4.504374999794296675e-01 3.234259284490671460e-01
4.559187930789929122e-01 3.186160686371311002e-01
4.601872285858443212e-01 3.142393649032608205e-01
4.628325903597020341e-01 3.113134148721019567e-01
4.724693954079460800e-01 3.021622451463258918e-01
4.788340778897406946e-01 2.962405823110967340e-01
4.833982438907523105e-01 2.931175252214379134e-01
4.892722275013522970e-01 2.871854546174608114e-01
4.983426838397735370e-01 2.783588344463440722e-01
5.044690669339760847e-01 2.726114056890504012e-01
5.166271150994730110e-01 2.632912947359669076e-01
5.243424386422534944e-01 2.561628502027869514e-01
5.345492951283586924e-01 2.478968289282723614e-01
5.425264052750414789e-01 2.393074853980106942e-01
5.541672083455229103e-01 2.318293940099229178e-01
5.660595959765257756e-01 2.227157980451148767e-01
5.831891984262944639e-01 2.092631388806114601e-01
5.963562233442284422e-01 1.980799867588491636e-01
6.105960628147328872e-01 1.862208526662171293e-01
6.293106320109129737e-01 1.721113629652537558e-01
6.529385989580299698e-01 1.544458451489055528e-01
6.828700496485077265e-01 1.359211631436944290e-01
7.786710906925256026e-01 7.856899778798785705e-02
