5.391155767947103383e-02 8.966834129804304165e-01
6.879111588016577350e-02 8.792417011344203503e-01
7.586656432811472728e-02 8.689145161647072735e-01
8.119654004197575381e-02 8.599832792846185958e-01
8.538008092698792795e-02 8.515005758420698401e-01
8.861638817900353848e-02 8.436586198187602248e-01
9.169603511389655404e-02 8.361667476568611646e-01
9.467104312743729322e-02 8.286862556315242045e-01
9.686745760013759643e-02 8.217546341421305689e-01
9.871544657472242079e-02 8.154424528111319237e-01
1.010127066261749668e-01 8.086942619873365157e-01
1.024503112386451475e-01 8.028765657541796497e-01
1.043770673512101343e-01 7.969124604051008864e-01
1.058355765617933070e-01 7.913019559633744926e-01
1.075972667492521712e-01 7.853134148429170569e-01
1.091688348357665872e-01 7.793913270138086435e-01
1.100060936484132529e-01 7.743458794047033411e-01
1.113527559250788168e-01 7.693691601850766171e-01
1.118724216634840868e-01 7.651320983393443687e-01
1.129184844669506582e-01 7.607292102021250280e-01
1.136682265284270077e-01 7.560343380361981280e-01
1.144449743594167790e-01 7.517696144602548092e-01
1.157639348163037041e-01 7.474157141507978830e-01
1.168316328620560285e-01 7.432029173836098845e-01
1.179099497521630818e-01 7.386199384910475674e-01
1.184825702959603627e-01 7.347817638493963077e-01
1.196793994240813730e-01 7.308690488411031527e-01
1.206749670506595540e-01 7.269936520031129445e-01
1.214380746627944929e-01 7.233009930038734048e-01
1.222844375101242859e-01 7.193922080900780891e-01
1.230473333496555216e-01 7.157199171900899826e-01
1.244949703302207222e-01 7.118566730240959428e-01
1.253833109018280267e-01 7.083006291376449104e-01
1.262681176785862558e-01 7.049638466263941083e-01
1.268421305993247816e-01 7.016631925659295721e-01
1.276085352932581352e-01 6.985808688373411623e-01
1.285254505298381589e-01 6.953830177755468966e-01
1.294366841815361158e-01 6.919621387748154939e-01
1.304283575784081217e-01 6.887940748503986743e-01
1.312704811523618953e-01 6.860431918664454676e-01
1.325571466576092039e-01 6.825309444722688079e-01
1.335922043133882520e-01 6.794383896314274418e-01
1.341965242119657342e-01 6.767201793872259508e-01
1.351281021159557727e-01 6.735643387046630348e-01
1.357601870729983895e-01 6.705021936316614140e-01
1.365010531155460560e-01 6.675739851550611670e-01
1.371690495392695885e-01 6.650258876360400917e-01
1.380998461153962187e-01 6.624190194894655770e-01
1.388044967366216798e-01 6.595135548901724931e-01
1.397664762447847764e-01 6.567561308929649178e-01
1.404675667552502116e-01 6.534917230288236345e-01
1.413779373845824583e-01 6.503522914181051329e-01
1.422877104820425564e-01 6.476257564735082850e-01
1.428884687168620049e-01 6.446602731265952402e-01
1.436972773577296358e-01 6.413513921023975550e-01
1.448571704474335697e-01 6.382661933674592669e-01
1.457126107367914258e-01 6.350183371023017109e-01
1.464683509030119957e-01 6.324886644468789010e-01
1.473143009521657720e-01 6.300773685188937323e-01
1.488842702961984954e-01 6.271632251752319309e-01
1.504091424115212572e-01 6.236429053321733695e-01
1.510966425909027744e-01 6.206584108430902580e-01
1.523130137790321414e-01 6.175077724020754388e-01
1.537225943702389686e-01 6.140487756708340461e-01
1.549349913515020438e-01 6.111449923944500817e-01
1.565923441180417375e-01 6.078239570041861217e-01
1.576192484717761910e-01 6.047585514358559955e-01
1.590624806799570967e-01 6.014419335242875420e-01
1.608070043650509928e-01 5.980107572894912682e-01
1.624788203276510690e-01 5.947215025040964997e-01
1.637360866167573703e-01 5.910731356675492654e-01
1.654731929264716683e-01 5.873894757012796397e-01
1.670416753189612469e-01 5.835076613124685618e-01
1.691221071636258566e-01 5.794582941246871899e-01
1.710200477032325916e-01 5.756968388049881202e-01
1.726311536194508611e-01 5.715885887541727328e-01
1.749730290606059946e-01 5.674094674330572019e-01
1.765789511457861172e-01 5.634818525317903948e-01
1.786952381747698160e-01 5.582071012888353279e-01
1.808715569827296088e-01 5.536028843180356152e-01
1.840308274783379050e-01 5.481072682091789883e-01
1.864688494544502750e-01 5.429355564808299173e-01
1.895310445434974234e-01 5.375552844306323852e-01
1.922616112896702589e-01 5.319056125985047734e-01
1.955213800044994787e-01 5.261356134234388415e-01
1.989044389253241951e-01 5.201225440562157187e-01
2.022133638404456923e-01 5.143000664908283781e-01
2.069959620243674858e-01 5.069869498771271132e-01
2.113260295411198975e-01 4.993010688376808281e-01
2.156674190745341835e-01 4.912380913535368543e-01
2.205179898679831274e-01 4.827264449329867757e-01
2.257965056488547839e-01 4.738010069731653506e-01
2.320691884793907311e-01 4.637207727198254803e-01
2.394794105456048150e-01 4.529883746359177343e-01
2.473759008073378174e-01 4.415077898585302307e-01
2.565039232465178842e-01 4.284071986174265434e-01
2.683159069583112566e-01 4.131575375848172693e-01
2.841101465922620806e-01 3.939071573425368955e-01
3.063420506652043129e-01 3.684336793112907849e-01
3.695795722201833944e-01 3.041736442974234400e-01
