2.355954471810328688e-01 2.078176694032537741e-01
1.974587090687748292e-01 2.444145060115860413e-01
1.815592948601039702e-01 2.671744831329106451e-01
1.716144621195437037e-01 2.867801360405942135e-01
1.640275917051589316e-01 3.046440720974769034e-01
1.587268366607198777e-01 3.209405939328348056e-01
1.543001914459552482e-01 3.365376951513140424e-01
1.509344249800997073e-01 3.505715143717103022e-01
1.478802624400628596e-01 3.636401682420926651e-01
1.451830421152565109e-01 3.764052363440781312e-01
1.424479626850952418e-01 3.882167343509098645e-01
1.400452049785556874e-01 3.993575293938976256e-01
1.379009934881419153e-01 4.100958026339622253e-01
1.358031810638603010e-01 4.205695320685609584e-01
1.345724358110106655e-01 4.297766237394583522e-01
1.335289303943315020e-01 4.391923454928786108e-01
1.321267259980211106e-01 4.480091981368987675e-01
1.309911263731055042e-01 4.563687110636224231e-01
1.297895168498491292e-01 4.646075339558904949e-01
1.284137989635567578e-01 4.729351087661526898e-01
1.278003726712298449e-01 4.799651910141601308e-01
1.264292954197136221e-01 4.876798319770855317e-01
1.257260326174487741e-01 4.940211221231274874e-01
1.241370218102696016e-01 5.005200332550697739e-01
1.231493402538163806e-01 5.066632547524646535e-01
1.220054872254190265e-01 5.130000108774598333e-01
1.213660473528137829e-01 5.192272262678717665e-01
1.206559484755865275e-01 5.246994858027317354e-01
1.201838304898580068e-01 5.302414677710962643e-01
1.191200397801096961e-01 5.356834929165226189e-01
1.179585261381553285e-01 5.414896284483535771e-01
1.168132235430949795e-01 5.466667392936329639e-01
1.163032947960611491e-01 5.517468752913667895e-01
1.153958329857579929e-01 5.569849747296172771e-01
1.142077354566386899e-01 5.614485591047867485e-01
1.129288221453222801e-01 5.659315726198247409e-01
1.118249520941944769e-01 5.707837438628282634e-01
1.109436999347915426e-01 5.751651063899538840e-01
1.100977083757125746e-01 5.797941922425688954e-01
1.095177094295214509e-01 5.836862519505761071e-01
1.085518356044783694e-01 5.880405981025822459e-01
1.075670806895565185e-01 5.919975337138371208e-01
1.064035963381020217e-01 5.963564899626818683e-01
1.053463895716767323e-01 6.007497514426944907e-01
1.038455891922424185e-01 6.049753168460951791e-01
1.030290478351719025e-01 6.087480890321979032e-01
1.023497101926202218e-01 6.132005608612414171e-01
1.022055695160071637e-01 6.165372985759817182e-01
1.014870219202753249e-01 6.193467680512649842e-01
1.005988635421149330e-01 6.226577665921139149e-01
9.961400067687027626e-02 6.265944786962384105e-01
9.833767887277596043e-02 6.298772475452999453e-01
9.710882002557631731e-02 6.338094797367425093e-01
9.545492713003989049e-02 6.382053701909161658e-01
9.408066118626767782e-02 6.420667662908893236e-01
9.331848688398562686e-02 6.457296022907350608e-01
9.220010362345681942e-02 6.493954116313812586e-01
9.138438484380674576e-02 6.527203977295655823e-01
9.037690136888747172e-02 6.561536857870404749e-01
8.918482012416528715e-02 6.599409206960277219e-01
8.833518512207140516e-02 6.632653328073357946e-01
8.699072291312677507e-02 6.671033456528155936e-01
8.591212886299549878e-02 6.706000753228520406e-01
8.509046492409851059e-02 6.745983572053875221e-01
8.387300560905379399e-02 6.784103969791306366e-01
8.247893599586342273e-02 6.824163782006797963e-01
8.138257114197694486e-02 6.857237593415618226e-01
8.026663327497475520e-02 6.893818854666186047e-01
7.860188138834714455e-02 6.932060358327122307e-01
7.710576643016835152e-02 6.972141343357113330e-01
7.602834097799400503e-02 7.007997350646935075e-01
7.438492756604614398e-02 7.051156532818175782e-01
7.289268904848231201e-02 7.087960385006737418e-01
7.157259755815748026e-02 7.128434623559269934e-01
7.026837122294722626e-02 7.168991774611986889e-01
6.855228991657986992e-02 7.211859012873726993e-01
6.680373321539501141e-02 7.260654067592883232e-01
6.494695016636044260e-02 7.307073005748758732e-01
6.334550604979946598e-02 7.355597608378785512e-01
6.202903968282515862e-02 7.400386388594103471e-01
5.972049376290474582e-02 7.452430551387940749e-01
5.784232517350800656e-02 7.501761335169423450e-01
5.594368416348671075e-02 7.555913289803578570e-01
5.385037451899327143e-02 7.610323389727516874e-01
5.190374497911101614e-02 7.665785341334778735e-01
4.951609610301527936e-02 7.722249178114919399e-01
4.715646285179772579e-02 7.779698568128755598e-01
4.507266780645782095e-02 7.837580804016648361e-01
4.248936555512436430e-02 7.902024618723685334e-01
4.005187317447116147e-02 7.966584747783662657e-01
3.730702253185180783e-02 8.035064006161466432e-01
3.479254221167284167e-02 8.105109642178266460e-01
3.192699398364864244e-02 8.179192454485452179e-01
2.878119691784845544e-02 8.256840905404223552e-01
2.543939266847925970e-02 8.343124784030906405e-01
2.207509066788971089e-02 8.432369297112441986e-01
1.873123258978706684e-02 8.527980182461115666e-01
1.506446206675847790e-02 8.636145492570429516e-01
1.129436726537481374e-02 8.760672834853056035e-01
6.715544119048749531e-03 8.956044330078520854e-01
